8206
61382
54916
29877
11256
53813
10093
56068
33586
6609
6609
31464
459
54300
41248
32353
10272
57208
46495
35998
18683
62576
14761
29704
61780
43382
56360
846
52328
60234
53027
12692
26824
12565
14284
64849
34567
64193
4210
6399
36388
36414
30910
29341
34211
5547
15094
24991
32531
8402
33660
13401
45486
36949
46428
31896
4041
19659
43705
51459
49324
6088
64956
157
28399
48319
38242
52525
40221
60533
15456
789
23922
58063
36545
48912
40699
25938
53238
42785
22503
48170
62989
57726
54058
37048
21252
38150
19593
28558
8684
12524
25194
24731
60876
65276
7679
15242
21434
15263
57783
12272
17165
53862
16496
19817
17806
3127
63262
38723
59725
46831
13208
34287
30045
15385
18283
30437
11664
34587
31190
58740
36531
45449
4683
54579
53160
58
61810
21743
15320
33628
15288
45007
33675
33242
8858
50690
13917
64156
49864
9948
18005
55063
10684
12318
42606
45206
53055
31122
225
11893
25423
50499
48994
22033
36984
9141
34092
38677
58168
54536
3935
50868
8576
3013
44758
38017
3908
14555
9999
43490
34693
6655
21122
40019
27001
53422
5571
2175
43233
49267
45814
39790
46126
35715
46455
60787
52340
62672
26145
62119
7982
45958
59796
23773
51722
56491
61304
46327
6747
47533
49781
44101
38407
62814
55372
21413
49029
35076
61163
35904
15250
53449
47632
20222
33408
32299
1126
57943
43511
39054
33192
62599
64415
31649
60784
59436
62211
27023
11832
44486
11802
14301
15767
58141
47490
16846
28955
58624
41243
52840
16647
11755
38962
43766
57318
3992
65376
53595
23907
15397
15049
33830
56485
65514
46774
38153
49316
46429
48103
19915
62401
15045
15817
13231
27143
50270
39943
8859
12842
44772
15352
54128
20571
15604
20188
6413
57796
55057
52270
3335
51243
18688
60825
8397
11563
454
30974
60892
21411
58321
5653
36882
26448
13182
23923
62581
46369
35100
24539
31963
5755
56069
2899
37499
29903
8956
6527
44649
28093
22911
29902
13229
2255
28876
12760
27531
37601
12787
7386
50444
30387
54995
18929
43656
59991
36492
16032
49093
37979
50444
60882
12218
42422
6609
29142
63771
1411
43401
56183
63544
64721
42269
36575
10756
45693
45361
4245
58890
52335
3407
15101
22772
48108
28633
4344
973
53550
48643
37395
37287
56974
59144
30891
56788
22559
17292
55455
46218
53585
18640
30250
24339
2586
23341
65010
57266
26442
17049
14933
22632
27114
2268
64487
12045
9805
37318
50398
22804
47290
58570
52864
54728
37439
8845
46440
51072
14196
25347
54063
7968
42075
65395
62111
14733
9970
470
56524
47356
50429
58935
2542
58379
31801
32232
11871
50969
9662
27948
9124
39220
63767
25860
56390
41391
35049
16962
18601
13863
15584
41754
51310
52924
23187
13124
32793
36803
27680
61197
35737
47476
32472
23813
64608
59250
16770
20266
8938
59260
24605
5517
10421
45242
46402
18284
9772
61420
38729
58230
59653
63635
60385
42490
41118
17472
65350
6917
51120
4084
51203
19569
25384
61363
9316
34758
7599
13064
20118
50917
52294
52655
51019
57246
31487
50935
1986
64447
36634
23626
39587
39586
46693
28737
43571
49612
63578
15356
31144
12592
5359
46093
43446
46126
36134
41477
5431
45069
60096
3828
46422
11787
42216
32566
31791
2186
61453
27675
52310
61972
52432
57602
62228
33007
18014
44983
21688
42067
22669
7969
18009
12208
54120
38976
35138
59108
33111
48157
8642
31288
10285
37354
43042
40032
55665
31630
65221
9778
42017
14396
34458
36166
42916
5358
60116
43699
58760
10705
37222
28570
62316
5687
48628
5293
57684
33426
52420
6785
42961
64966
22810
118
11814
51459
6719
33177
14378
20260
11050
57456
10063
23410
58803
61011
40763
27320
35462
1784
36319
29204
24109
53132
26226
15500
26774
45124
14119
39789
35477
25129
41012
27288
33729
38603
10565
12424
56643
26497
25980
34626
33695
29528
16276
40674
25851
6333
29760
61710
23164
10234
4628
36356
23780
34969
345
29859
56938
15185
25647
55094
43127
44822
44520
31396
52078
47116
53357
64969
47999
27927
54640
34565
18328
31358
49141
22226
35240
61423
5922
5078
37128
29865
65007
22384
23601
65370
4626
23981
46385
30510
24620
37084
55231
60027
51536
35885
4061
39910
3999
47595
3945
64182
2592
48460
55239
34097
62611
50622
15735
36251
31692
56923
11713
17199
43940
28617
40308
14644
46531
59894
64205
54898
12778
54634
61054
43108
54797
5718
26772
62942
10201
44478
22533
12082
38715
48043
59169
62402
9162
28774
50775
28959
53855
16002
33230
23662
3631
17521
22448
54770
44734
5720
48331
11962
60122
57498
7596
62362
32304
7380
21423
23893
50155
40587
19025
34300
27252
44640
63725
40392
42057
58082
56083
2023
42221
51455
42289
26755
45230
41998
63350
33394
49019
17069
7405
29539
30638
19045
33870
45698
12921
25762
4519
56965
33366
23531
57260
13891
55559
46398
43980
49499
2092
26290
21751
3789
23090
32383
22801
50249
27320
25822
39887
25664
2709
43841
29365
63826
50675
26009
40870
9475
53134
59824
44578
13450
29731
40594
57667
51991
61996
40359
20929
47963
56596
10707
65156
19581
40269
4579
55042
16347
18878
39939
20518
65079
63422
33606
63980
50100
48808
20326
6235
64360
26681
5529
13752
11358
4283
47144
28792
29835
38545
32121
21823
2225
33095
22224
65297
9430
10878
12139
3410
17940
12124
58846
33585
3625
7617
12356
36399
22975
38364
12277
27807
34363
46235
14161
39101
45278
7880
37912
3152
37334
54488
44800
60208
4242
36291
40402
25464
34122
32987
17644
51280
60692
42172
16215
15068
58236
45429
9864
62329
42357
61252
11253
63327
32562
42607
48088
47886
65484
4616
35168
37850
62583
2830
44522
37377
14271
21851
44725
17344
43590
63758
19200
18585
28606
25320
61496
34099
44751
63932
59037
11178
23399
22489
34610
54378
60166
41531
42992
12506
34768
24105
32103
50584
23635
19751
21818
56745
48327
63700
9239
1482
15756
49420
3897
50783
36928
4136
1657
42572
19097
18553
39866
22804
27508
38000
30754
8600
37982
56723
53962
10346
61306
16036
55244
48109
44253
36980
65079
4278
56651
36857
24428
15605
19870
15569
32596
25013
25485
45663
58005
33582
64717
63629
56114
44548
64143
17747
11387
7420
40874
25162
25015
237
50501
29593
51001
59011
23345
7204
93
598
50239
93
54801
42701
40470
